15025844
88819587
41392891
14181608
87564352
40453765
18246479
71625222
44519536
07902349
70781052
32274490
05053103
68846917
31339260
94119974
66602787
29491031
06368038
55763552
28546905
91939608
53829412
26202165
89091579
52584282
15367030
87756343
40640057
13429800
76812113
49791927
01184620
14977074
77456781
40240595
13039848
76512652
48305365
01784619
74677422
33066139
06840573
68339286
31122090
94905343
67494157
20277860
92667214
55550921
28933734
22026707
54615781
27094595
89987208
52367652
15150365
88643173
41422426
13215230
76704943
49587396
02971090
75850803
37243151
00032864
63515678
36304921
09197735
62671448
34460851
97843505
00732302
63125616
36904469
98898173
53581214
20060230
93553943
56342351
28725004
81618817
54098121
17881964
80770678
53153481
15042735
88435542
41218256
14708569
77581312
49370026
02863439
75646173
38035986
01929294
63308047
36151751
99030164
75356564
75889523
98795934
60589682
38142739
96851799
53832650
15401633
84916669
57305373
10189126
83678433
46461247
54844990
17733394
80516007
43905751
16899564
89272878
41061625
08944575
47695416
40826495
03606209
75499502
38982356
01761063
64154377
37043180
99426834
62210247
25109950
98582704
51371017
15507080
96643568
59036972
22910685
85309439
58192742
10071456
83464209
46247516
19737320
72520073
45909477
07892180
70681994
33064647
02957055
85705804
37120512
40619825
03492538
46009906
39774685
01557499
64047146
37820550
90219263
63102017
15052462
98374133
51267887
77027445
87430998
50913601
22702055
53129443
58074572
11868825
84257639
46130346
19523799
72302403
45895206
12829151
71068263
33951077
06740720
69123138
32012841
5405694
67284908
30778711
99551425
62340868
25833572
97612389
50005633
23995346
26378150
99261403
52040216
24433920
87322377
50705071
13599884
86088138
58861941
11250655
84133008
47922711
10315429
72299832
45688586
08471389
71950093
34743446
07526150
69015963
32809211
95288024
68171737
31560081
93343894
66836598
29616941
92409659
55998462
23771716
86164529
59053232
12436646
85326399
48109103
10598400
73481154
46864967
09653271
12146024
84926738
47319141
10202894
73081602
46474915
08353769
71746462
34536276
07019529
60802233
33691040
95174353
68963107
21347810
94230224
67629977
29402771
92391084
55784832
28563545
81057959
53830602
16229315
89112729
42591472
11384280
74277583
46657337
09540040
72929454
35712107
08201910
70084224
33878931
06367785
69140098
32539892
94412545
07805359
60694662
33178416
96967123
69750536
21239280
94022093
57405307
20394040
93788854
55567161
28450915
81843628
54622031
17115745
89904598
42348802
15237615
78010363
41403766
04392470
76775123
35565537
08058240
61831093
34320307
06103114
69992868
32485271
95265975
68658728
20541432
93920745
56713552
29692206
82085619
55875323
17358176
80141480
43530283
56413937
29802344
81686058
54579801
17968114
80741828
43230671
15023985
78402798
41396436
04179849
77568553
30451366
02830619
65623423
38116136
91996584
64389297
32268901
95051344
68540058
21323861
94716515
56606928
82878489
55761792
18144506
81933259
43417563
42578427
77754944
40633297
03027001
76806714
39399168
41182875
77454922
30243636
3627449
66516792
38999506
91782219
64271667
27054370
90844184
62337487
30208479
89631139
76184692
15303296
87796900
40575313
13069066
72842870
45231177
08124921
70903634
33396948
06285791
69669405
32452818
04931562
67724379
30113682
46986414
66889139
28279543
91152256
54541900
27324313
80813021
53606874
15480588
88979991
41762634
14141448
40374923
49417509
12206212
90357090
48579379
41462083
14851496
76634149
49127943
02906250
75390004
38289717
00062121
69455834
32344688
95727991
68516705
30090452
93889755
66672569
29155212
92944626
55337339
46457856
80600490
53493204
16972957
09159938
41544074
14037717
77827521
40200834
13193642
75582395
48365709
90963488
74637266
37421579
52800428
62793020
35282433
98075147
61454890
24348204
36121917
99510761
62403074
25882881
94675535
53293545
29948642
92731455
55210709
28003512
81492226
53375573
16768387
89558090
42431843
15820147
77603950
40196604
03985011
64511793
49258578
01641882
09430387
37313348
00756652
63545455
36039163
98818516
61201220
24194033
97973387
39175982
15510988
85639257
58528964
11901678
84794011
56283725
19066538
22855882
46718686
08783685
17511156
89494469
42883273
84285623
78556320
41949033
03732747
76211194
39004808
02483611
75376965
37160778
00549481
63432835
36821538
15150371
62193699
18710707
97360116
50259460
23032273
86421986
58314394
11793047
84686841
47060154
10859908
82742611
45121025
18914778
71407486
44287299
07670542
75559356
38942059
61854111
04614116
77007920
39897277
02370081
65169794
38552107
01435851
63224564
36607978
99597615
91595718
25769732
98252586
50045299
23424603
86318356
59197169
12580477
38199696
47852924
76103675
73134081
46918794
18807108
71280811
44073668
07562372
70345785
33734439
05628232
68401546
94773007
63162310
25955164
98434877
51228280
24611934
97590747
59383041
62762898
25655502
98049915
51828629
24311372
86100785
59983499
12472242
85255550
48649353
10538007
73911410
46700124
09293977
72076281
44865098
07359741
70138455
33621868
06400512
69893315
31786629
94566432
67959180
20848593
93221206
55014050
28593363
81386177
50176820
23659124
85448931
58831685
11714098
84103702
47986555
10476868
72269672
45042329
48531733
11324436
74703140
46696593
09076207
72869010
35752363
08131171
70924884
33413638
06297941
69780745
32569498
95952802
67841515
20624263
93013676
56907389
29380133
81179446
54652250
17441953
80234301
53713014
16507828
84990171
47879985
10262698
73051941
46534755
08327462
71107816
34690519
07489323
60862676
32751480
95144193
68928540
21817254
34290067
07089711
69572024
32355828
95744531
68638985
21417692
93900406
56789759
29172562
82065276
55444629
17238333
80727036
43500484
16353197
89832901
42625254
14015067
77998771
40387124
03170832
72053645
34442949
07225792
60715406
33508719
96981563
68870276
21263083
94042337
57935140
20315854
93108297
55691901
28470714
81863068
54752875
17535588
29929832
82818645
55291359
18180762
81563416
43352213
16246527
79629370
42418084
05901497
78780140
40173854
03056267
76446915
29089635
02118022
64501875
37390589
90873992
22046459
57728570
20101223
29267084
81756897
54539105
80811661
43694075
15083728
41356845
04149689
77622396
78577570
31066283
76232340
02504891
38277918
76792184
